((("price" .
   [1 0 0 0 0])
  ("symbol" .
   [1 0 0 0 0 0])
  ("stock" .
   [1 0 0 0 0])
  ("ticker" .
   [3 0 0 0 0 0])
  ("/iPad/i" .
   [0 0 1 0 0 0 0])
  ("Phone/i" .
   [0 0 1 0 0 0 0])
  ("/Windows" .
   [0 0 1 0 0 0 0 0])
  ("/mobile/i" .
   [0 0 0 1 0 0 0 0 0])
  ("&&" .
   [1 0])
  ("/Android/i" .
   [0 0 1 0 0 0 0 0 1 0])
  ("case" .
   [1 0 0 0])
  ("redirect_to" .
   [1 0 0 0 0 0 0 0 0 0 0])
  ("phone" .
   [2 0 0 0 0])
  ("html" .
   [2 0 0 0])
  ("format" .
   [3 0 0 0 0 0])
  ("do" .
   [1 0])
  ("respond_to" .
   [0 0 0 0 0 0 0 1 0 0])
  ("when" .
   [6 0 0 0])
  ("require" .
   [0 0 0 0 1 0 0])
  ("class" .
   [0 0 0 3 0])
  ("def" .
   [7 0 6])
  ("initialize" .
   [0 0 0 1 1 0 0 1 0 0])
  ("str" .
   [21 0 0])
  ("copies" .
   [9 0 0 0 0 0])
  ("new" .
   [5 0 0])
  ("Copy" .
   [2 0 0 0])
  ("define" .
   [1 0 0 0 0 0])
  ("end" .
   [4 0 0])
  ("_copy" .
   [1 0 0 1 0])
  ("s" .
   [2])
  ("diffing" .
   [1 0 1 0 0 0 1])
  ("attr_accessor" .
   [0 0 1 0 1 0 0 0 0 0 0 0 0])
  ("Original" .
   [1 0 0 0 1 0 0 0])
  ("mls" .
   [5 0 0])
  ("this" .
   [1 0 0 0])
  ("is" .
   [1 0])
  ("string" .
   [1 0 0 0 0 0])
  ("copy" .
   [3 0 0 0])
  ("first" .
   [2 0 0 0 0])
  ("gsub" .
   [2 0 0 0])
  ("diff_last" .
   [0 0 0 0 2 0 0 0 0])
  ("puts" .
   [6 0 0 0])
  ("attr_reader" .
   [0 0 0 1 0 0 0 0 0 0 0])
  ("false" .
   [2 0 0 0 0])
  ("staged" .
   [9 0 0 1 1 0])
  ("published" .
   [5 0 0 2 1 0 0 0 0])
  ("last" .
   [4 0 0 0])
  ("true" .
   [2 0 0 0])
  ("diff_staged" .
   [0 0 0 0 0 1 0 1 0 0 0])
  ("select" .
   [2 0 0 0 0 0])
  ("production" .
   [0 0 0 0 1 0 0 0 0 0])
  ("diff_published" .
   [0 0 0 1 0 0 0 0 1 0 0 0 0 0])
  ("no" .
   [3 0])
  ("config" .
   [1 0 0 0 0 0])
  ("redis" .
   [1 0 0 0 0])
  ("Rails" .
   [2 0 0 0 0])
  ("cache" .
   [1 0 0 0 0])
  ("set" .
   [1 0 0])
  (":test" .
   [1 0 0 0 0])
  (":development" .
   [1 0 0 0 0 0 0 0 0 0 0 0])))
